32911 
22583 
31777 
0 
47949 
0 
69307 
0 
0 
0 
93644 
0 
0 
0 
0 
121848 
0 
0 
0 
0 
0 
136424 
0 
0 
0 
0 
0 
0 
141776 
0 
0 
0 
0 
0 
0 
145553 
0 
0 
0 
0 
0 
0 
148440 
0 
0 
0 
0 
0 
0 
0 
141011 
0 
0 
0 
0 
0 
0 
123260 
0 
0 
0 
0 
0 
107583 
0 
0 
0 
0 
0 
96823 
0 
0 
0 
88375 
0 
0 
0 
0 
83007 
0 
0 
0 
80354 
0 
0 
0 
72138 
0 
0 
0 
64383 
0 
0 
62009 
0 
0 
59121 
0 
0 
57028 
0 
0 
52850 
0 
0 
50466 
0 
47523 
0 
0 
44619 
0 
42049 
0 
39250 
0 
36578 
0 
35292 
0 
33452 
31422 
0 
30877 
0 
30124 
29698 
0 
29045 
29368 
0 
30003 
29133 
0 
26901 
25391 
24487 
23703 
0 
22966 
22515 
21810 
21481 
20766 
20665 
20073 
20051 
19417 
18999 
18483 
18811 
18359 
19077 
18692 
18551 
18733 
19067 
19165 
19373 
20363 
21796 
22621 
24172 
24896 
0 
25701 
28874 
31941 
0 
30392 
36264 
0 
34998 
0 
1418606 
0 
0 
0 
0 
0 
0 
0 
0 
0 
0 
0 
0 
0 
0 
0 
0 
0 
0 
0 
0 
0 
0 
0 
0 
0 
0 
0 
0 
0 
0 
0 
0 
0 
0 
0 
0 
0 
0 
0 
0 
0 
0 
0 
0 
0 
0 
0 
0 
0 
0 
0 
0 
0 
0 
0 
0 
0 
0 
0 
0 
0 
0 
0 
0 
0 
0 
0 
0 
0 
0 
0 
53005 
0 
23174 
0 
17752 
18855 
28192 
13256 
17401 
0 
